SPY,AAPL,MSFT,AMZN,TSLA,GOOGL,GOOG,FB,NVDA,BRK-B,JPM,JNJ,UNH,HD,PG,V,BAC,MA,PFE,XOM,DIS,CSCO,AVGO,ADBE,CVX,PEP,TMO,KO,ABBV,CMCSA,NFLX,ABT,ACN,COST,CRM,INTC,WFC,VZ,PYPL,WMT,QCOM,MRK,LLY,MCD,T,NKE,DHR,LOW,LIN,TXN,NEE,AMD,UNP,PM,INTU,UPS,HON,MS,MDT,BMY,AMAT,ORCL,SCHW,CVS,RTX,C,GS,AMGN,BLK,BA,CAT,IBM,SBUX,AMT,PLD,GE,ISRG,COP,TGT,ANTM,AXP,DE,MU,SPGI,MMM,NOW,BKNG,F,ADP,ZTS,LRCX,PNC,MDLZ,MO,ADI,GILD,LMT,SYK,GM,TFC,TJX
1.0,0.5825889493450852,0.5915314265078272,0.5375969205924019,0.39330362745922837,0.5124912997481448,0.5294838907076559,0.5815330356505489,0.5941348989923979,0.4181662405645712,0.4201201819129773,0.12211498203597937,0.49363942587391296,0.44950605094107043,0.24585244084134203,0.41581840347148713,0.4463509622323618,0.4710218018423101,-0.28870242682083996,0.4435102851998764,0.43865511746676633,0.35188764464293193,0.6389675807759458,0.6334473962880997,0.5024752367760095,0.3269386324140567,0.22295595474181143,0.3985741955831945,0.26455723191760233,0.19454918075433789,0.419591703099338,0.23812295042060352,0.556564308993934,0.5115336840545782,0.6803235846569219,0.35602272210083186,0.5648594505326378,-0.039587182599132846,0.42008273700540527,0.15254322959979058,0.4922150115864715,0.05812740874378385,0.2985231878678534,0.46535872506165016,0.13289078546932104,0.5468984736224508,0.04003044015769069,0.5967042176467833,0.5542981792062025,0.6426415951938782,0.4483080328048749,0.5568278436254527,0.4717895019414719,0.08881265726912595,0.5331909410162025,0.34775680122277247,0.5255415729804549,0.47016083475479886,0.3972473022021586,0.0379370365446238,0.5736686139001327,0.39069454993581276,0.5897884030615297,0.30489684233016917,0.5627781197200483,0.29407464848100523,0.46301560959550636,0.3469568873025549,0.7323357968697511,0.4755711584513573,0.4383101889833001,0.08427258009861675,0.44078375543408066,0.41758751739350247,0.5974340819444612,0.528521426765939,0.7285797113617795,0.5586915550759489,0.41627509480931596,0.4602170589484178,0.47436029690261916,0.29704221046115875,0.5283669940426328,0.5731260092079693,0.4062553060174457,0.7046970694135121,0.5377230259324896,0.4452934516291727,0.6540022424684534,0.5200039377854767,0.48972010765551544,0.4839980894531095,0.3774794762371934,-0.11744603381440033,0.6622469133238055,0.10742405192170137,0.11372286212933196,0.5819921240103766,0.4771101205621894,0.5737157648067587,0.5711389727821906
0.5825889493450852,1.0,0.4446845246084267,0.5989087990097501,0.26145720320194965,0.35399589799535924,0.357472263867583,0.29823554963502985,0.40078016273150635,0.08220024695984171,0.12204305535091166,-0.08465469779082448,0.2805141813936386,0.3132612853483967,-0.0663938048621983,0.020788204378403466,0.07913075328830513,0.030652829345334243,-0.18761051734847048,0.0555803490093546,0.1418605583449626,0.11238003041175239,0.5228274795692813,0.4775268969163713,0.10907006530000043,0.1410735675701494,-0.03233237214796824,0.014693838450022293,-0.03292329563365332,-0.18501434355694252,0.18305840576930574,-0.07084538714935969,0.21045814152809525,0.3150774062012677,0.29732845883849185,0.19156491445318935,0.24588045606574369,-0.3863386721673629,0.1563550382248375,0.011734690089579919,0.3157277502890304,0.012367846594106087,0.14983015568408545,0.19238345697821269,-0.20389903416275934,0.33792222472916333,-0.011655501445143,0.32301864533653696,0.18895017643829043,0.5088962761355766,0.35237928875483665,0.3355171385815922,0.1543414368060452,-0.04351987726971881,0.30277458436445065,0.08066552450477185,0.21409468915602975,0.12793779219326526,0.13788054401750569,-0.24096890888719635,0.4163879689584258,0.2929225714380227,0.18573560964738065,0.10137659360222925,0.24991958814433798,0.06763398431791716,0.17069650802806755,0.17718900157716447,0.29325522987196456,0.2013069805285293,0.12837971845749108,0.051721002711111505,0.3633962675603987,0.20287440067180457,0.39967463882603965,0.2378191791719084,0.3575733481668273,0.25185832340844333,0.06077086514596853,0.25644427631851835,0.1017996249309928,0.037138113461702024,0.49721675288213013,0.2731473224886268,0.08600283582156064,0.4030592661954241,0.227111894412526,0.27527931818926016,0.339988166100373,0.31848530357109284,0.5813931433592526,0.1688614769831645,0.0013591299334982433,-0.279682809083926,0.4670085390218333,0.11660527013415858,-0.019661269242392115,0.30125504367466854,0.14562503379489072,0.17145407485368397,0.27668080639631326
0.5915314265078272,0.4446845246084267,1.0,0.41978552112611467,0.27317002717619804,0.8065138225580912,0.8176231333903219,0.33549577354987015,0.47991354384916196,-0.12053713691181832,-0.12115312234772753,-0.08505839867830874,0.3631528055897731,0.4082066645421209,-0.021078816097388393,-0.15325804671736187,-0.07758732470979529,-0.07427162187167946,-0.21212655530370214,-0.06222605037956162,0.0584903131864301,0.26969661699746195,0.4741164691495163,0.6635469328068416,-0.014989932339219133,0.08026055990266454,0.36042958323811053,0.34244624100060495,0.17073494013352716,-0.2808960864044277,0.401141055174334,0.26965347219151725,0.396007059830044,0.4895184932894041,0.49288093276971445,0.22981900322846988,0.08833069006593694,-0.3325456588580285,-0.006423183445268543,-0.07633341814003203,0.33804315233969656,-0.02872396725525236,0.24274232776964355,0.41668316719552184,-0.3104700125995297,0.3882017512527508,0.24862215349572253,0.48420735567567547,0.41027831134429554,0.1842352369135201,0.23475082284187992,0.40950074147025695,0.0824704241810541,-0.26836447028185845,0.5844731196837235,0.05868801706286735,0.17243292078852038,0.022152890216097156,0.09598143358120736,-0.2801651841685749,0.4282329141781853,0.3109965028716628,0.055541632926580854,0.10122583979964306,0.1675099037032686,-0.1347723602473253,-0.0008161434220655616,0.05188903479643395,0.35104023818564556,0.03139078992925126,-0.04526919257629713,-0.19429535593484723,0.010032136825252558,0.22497664614790927,0.22608157291365252,-0.02256353150621792,0.5903260411263168,0.02005332906675598,0.20513195661260172,0.2808813038650715,0.09155872100856206,-0.12507394086789517,0.3440600106934922,0.47189501621441543,-0.09451267670095294,0.5529434805063389,0.1770709824600927,0.15685931029870603,0.6226305215060203,0.47931714386826824,0.4490373184636845,-0.033141370974069606,-0.034907920278378385,-0.22531946892210272,0.20125074010224586,-0.32846927123856096,-0.04661946719979458,0.23361594694096838,0.05490303776968251,-0.017985468853870853,0.183270183704503
0.5375969205924019,0.5989087990097501,0.41978552112611467,1.0,0.01817730110066262,0.5851456270686861,0.5814148063171106,0.38977131932930464,0.5990792985549547,-0.04830483897122645,-0.0717252513886273,-0.08981176248156068,0.26854867335557514,0.2660588650155404,-0.04889723499131818,-0.01573167324525374,-0.04721425622250985,0.09419516890566702,-0.2234305939672264,0.10647537100117548,0.18755815978538803,-0.02490182172461377,0.4410733651777652,0.41393122373713825,0.06781436969059192,0.16408693385732062,-0.08755724651372043,0.09993621174895331,-0.09578456102502267,-0.08506651002342278,0.16038281401719098,-0.04539437089940107,0.16582675402322145,0.2682002571621175,0.36680868992574134,0.3525862692736342,0.07708205939622577,-0.19106583591322118,0.01944087285662438,-0.0456593219727379,0.5695524176656238,-0.0490955818406873,0.21446298080145149,0.2951696907467226,-0.11582048426489679,0.37793465713748886,-0.1869986901961379,0.19721038256091908,0.1237890034810087,0.37971363018544335,0.29990818935341207,0.4005219527462078,-0.025664488777688375,-0.044381630216154114,0.23657620218172665,0.13739364695791673,0.4032369255093491,0.0010945353522836233,0.08916844719727417,-0.07683525261452855,0.4629917067298235,-0.017759788946470283,0.09147725846959401,0.14098036767795663,0.2369784150472102,-0.0010295083854419498,-0.018912761537912874,0.11925380868490705,0.23611966403518364,0.28533815855695327,-0.027921735619126895,-0.07632135656754856,0.2610886793112732,0.12743561017380392,0.2948515138879534,0.2464690280349327,0.41210728223900234,0.2088517045948294,0.1659371914351519,0.25252615878931545,0.015022683435402575,0.0214632134974151,0.4317508620773549,0.3691687530007169,0.015684109604509142,0.4195296907050759,0.3533694726126372,0.15000216451684686,0.3295012694853145,0.39345611762008026,0.4901324414003978,-0.016755947110803002,0.11904902367746795,-0.1688926514535114,0.39384300374246345,0.03666394498663168,-0.12535402083414657,0.23102228006896225,0.027343310191339124,0.05347579378640156,0.38914476511572554
0.39330362745922837,0.26145720320194965,0.27317002717619804,0.01817730110066262,1.0,0.05433135839226681,0.07683265127031047,0.2641383585394208,0.3021294815846643,-0.023704272401731088,0.03963899381814522,-0.14134747909707776,0.04099653992907842,0.18928849731146585,-0.1549433680939307,0.13057883939855094,0.12197203531724042,0.11090925217279153,-0.13482550301372004,0.07429964163414818,0.27740749756987293,-0.026014115416979074,0.1793291602797163,0.32226396928901185,0.011124869814349294,-0.12897178798770179,0.14891761077421867,-0.040872732070130306,-0.010690035375078276,0.0010039412958520778,0.2420965502613529,0.06630598764561917,0.15622257996566144,0.269830234823672,0.3076060696766687,0.13895055502855225,0.2437190194620144,-0.19616957613696356,0.36298968146996247,0.04284289523611766,0.16783771327656358,0.03757594462305176,0.04894813925286952,0.1756367728502859,0.05944108899994358,0.24048758215525884,-0.06411761140329911,0.2831580703103266,0.12487900223264312,0.25159176029014774,0.040522010125319335,0.3071887826699888,0.03119345213833068,-0.26282773079707517,0.250019035692088,0.024044408135915803,-0.02594629217444032,0.021551520448659732,0.19723202588353725,-0.16754694316446345,0.16654615980873183,0.07898290085027289,0.11439027466414468,0.11560566841993211,0.055802748170299066,0.04850418998941795,0.05038641273391782,0.03814530032354449,0.1690736257874539,0.14967968990113034,0.031947236343074,-0.026496228927083757,0.16294481897015098,0.04304800409155333,0.06164390436795516,0.01534895885838598,0.2558213015468262,0.0552338268773314,0.10138831882519565,0.016752219497060548,-0.016669975284834753,0.24324611807446092,0.23522091245077112,0.013506864378544795,0.032599383237954735,0.27163517780844443,0.1679885587381167,0.15697434596303841,0.16931749705828233,0.1935159746869886,0.13970018589124839,0.1298771891899805,-0.16081047426780232,-0.24159716398080364,0.26464284675888705,0.10060104576502184,0.09297504109840657,0.08639842103584139,0.21110713304514805,0.19002136805612105,0.2600918132026708
0.5124912997481448,0.35399589799535924,0.8065138225580912,0.5851456270686861,0.05433135839226681,1.0,0.9935886167441347,0.344982310766567,0.43201255453003046,-0.06161446074433181,-0.10060330030654435,0.0009543321920420757,0.324403177936727,0.34710631595967867,0.018480121124904693,-0.15385932827195875,-0.0703427810356417,-0.056560307067567345,-0.192256096852414,-0.026971282175491613,0.10105008266493959,0.25723581084006564,0.3634203051754204,0.45572746744377624,0.03212495252211021,0.1818228142266879,0.1915254033297921,0.3869190940993534,0.15575328972909472,-0.2009598302577124,0.2152181633067331,0.07130159428977773,0.296757353745496,0.2658206949440299,0.38362999418225013,0.3878145428726262,0.09808576104105156,-0.13928944988164613,0.06856347344911816,-0.14373960763104404,0.30433459109746025,-0.07473352735566606,0.2641045860343978,0.4379115020378942,-0.1398151952396564,0.2610920055397236,0.08720478128062216,0.3750141053532231,0.3064693340017268,0.1180081213264114,0.1490760505646873,0.2773686463386484,-0.011468034280512343,-0.12073193217846298,0.41222933532021416,0.016587918542059387,0.285147125786316,0.02936752890176597,0.056284306126749985,-0.15313046417092555,0.31343016703698423,0.10707864713067028,0.05990377633129115,0.08294821550483285,0.21298091794821536,-0.06074904967297286,-0.004113299906566537,0.07508548558186917,0.26756235653825744,0.09207725258663232,-0.0018485691759727262,-0.06499597562299146,0.006663625371515453,0.15359789419672168,0.21468765618323146,0.033437761625718564,0.5351194822884924,0.08797366161077644,0.14662692174081746,0.22742936683420456,0.03779696798246304,-0.14565091429626364,0.23790091048368034,0.39822562278762297,-0.03875867858654634,0.39735558943582155,0.22636728104550882,0.022580234503390334,0.5199674916113332,0.3932900775746415,0.338386459968031,-0.023030377055904716,0.03786018935209482,-0.0704177757570488,0.08278409442196047,-0.29003520597311466,-0.10100530956680058,0.21660808976129517,0.012724784663427533,-0.040305283748280796,0.22933457250409245
0.5294838907076559,0.357472263867583,0.8176231333903219,0.5814148063171106,0.07683265127031047,0.9935886167441347,1.0,0.3750472104095138,0.4320353357907953,-0.06353807280948197,-0.1009661614960694,-0.015946000600325267,0.31268362784955617,0.36897511041641573,-0.012525714741571664,-0.13900886109246605,-0.07717707694850792,-0.03385687291722506,-0.20348952061483408,-0.04311057899811039,0.09878846900217339,0.24972800154723374,0.36964978381790675,0.4868622249219481,0.02526484148003954,0.1527251408391199,0.18470676725466204,0.3868154343090542,0.14200637897398807,-0.1965031889172568,0.23434373741919834,0.07017802080640194,0.3029082544899624,0.30114613790751454,0.3988090944267938,0.39807562937794544,0.09580821940324466,-0.17509483124023276,0.07896638071934253,-0.1402536847677871,0.32844152578953506,-0.07208048159829573,0.2506934726641845,0.4426736584524532,-0.14525287218462052,0.27608501707961275,0.0683099759289562,0.40295923177492754,0.32010802305396,0.14524311217968477,0.13975451628419652,0.28912448144986386,-9.237005202979251e-05,-0.12397133178544989,0.43355835364681583,-0.023196204648526328,0.2817778030041353,0.02417819244245394,0.06133562309348975,-0.17002191325107383,0.3393137912323231,0.12009563388554181,0.059310600547718126,0.06937852900839417,0.23143334512813926,-0.06792067661938471,-0.0022661136580710032,0.06819713052367186,0.28211711150270824,0.10403386931740324,0.006021839474828318,-0.08710882439597092,0.002006984305773106,0.1537369272001471,0.21558360676822444,0.014239360198386267,0.5356483546809732,0.06965383458413248,0.19051275733571219,0.22386281635181202,0.04710362625552402,-0.11875455111181714,0.250074029269449,0.3779300655600876,-0.03601360212393284,0.4275951144944433,0.22588608912196395,0.02500809722758671,0.5356119915821502,0.4140718864811661,0.34531272194936324,-0.01857680804337024,0.019091047814391575,-0.0893732482009656,0.1031416544489107,-0.2923715238473898,-0.033132657617187415,0.22098033412217125,0.029622597341212437,-0.04044593478260137,0.24165787604908132
0.5815330356505489,0.29823554963502985,0.33549577354987015,0.38977131932930464,0.2641383585394208,0.344982310766567,0.3750472104095138,1.0,0.24212341272826549,0.1101399004377375,-0.014777494045923746,0.04928163401440102,0.026512067391230975,0.0830814520921062,-0.07416197427690187,0.28565927602453806,-0.016523500580224032,0.30790067831920287,-0.1925020641334535,0.09220483220714287,0.31883907039887316,0.12695970013017285,0.25141395375762565,0.3911189499751715,0.22690324730409814,0.06422016299904204,0.051296121482634266,0.1853342633340634,0.15978561208394884,0.10867042871981886,0.2605274033607792,-0.011944903842778874,0.12297041606237541,0.28495910574244837,0.46159790199581535,0.6413450284217895,0.20895032759167273,-0.024289114876596,0.3434017146024588,0.1730321235756164,0.34700543315088545,-0.05853392627625989,0.025950176083673396,0.41152824817502703,0.12948340610032458,0.35052934444349754,-0.13617927724563553,0.21384827573726561,0.17290484488956703,0.49853326931656394,0.13555699333501064,0.3383303702640502,-0.015045473737564213,0.048597554275169076,0.2495529484317707,-0.17670026438772354,0.4988032766103223,0.0708615136546207,0.14777777593362898,0.1291567914596972,0.342144899784229,0.05746442808297472,0.1804732075239957,0.09122600234994592,0.40213916141091494,0.037653252033192454,0.04154537543222797,0.22767086449339205,0.21970257554543968,0.41774626667968273,0.27792352107016355,0.06766541050870495,0.13370650203097498,-0.021194058595295356,0.24913205783409115,0.25630008442069413,0.22191823578086334,0.1970322807739414,0.21516640939874385,0.19548715805385722,0.045097736937382955,0.34127706125621493,0.5012887672146961,0.05460028742369865,0.3595702688514633,0.49839483920646843,0.3260415732666614,0.29908984470627303,0.19797198266261848,0.34246631247427345,0.3580963204112915,0.06833123429338496,0.06192393726628409,-0.07431060121725291,0.4349100284865435,-0.04520728943721164,0.4420555667702292,0.32330769174461066,0.25519798054308,0.19465307312337457,0.41385731820687083
0.5941348989923979,0.40078016273150635,0.47991354384916196,0.5990792985549547,0.3021294815846643,0.43201255453003046,0.4320353357907953,0.24212341272826549,1.0,-0.034794357868531814,0.02603045848837858,-0.09286601736025084,0.2768550142450241,0.33359904737103885,-0.07098255365374291,0.16289550460631153,0.05864140967862273,0.11793976263660179,-0.19123702741664816,0.2008452688448657,0.11129792555041366,-0.04619970844729443,0.505671275344342,0.5766534123159761,0.13885700655465893,-0.0016098754315996013,0.20231810940543177,-0.036899859441904104,-0.007874700039725551,-0.14260732828088718,0.2221809366620077,0.16603151205581415,0.2820080110549726,0.39268079318095245,0.5118811271154489,0.1697742835373566,0.09370929295035164,-0.3467709909175801,0.13215192412917276,0.06020890278866176,0.656579110000641,0.09285749150959562,0.226795966689243,0.14394268441424182,-0.28714748208510266,0.3980414363612594,0.12513759286359297,0.39265865599798916,0.36630501436422375,0.5154489858096909,0.14052835687738544,0.731101116480065,0.07721333015834228,-0.38248769805679333,0.4690308606741983,0.3161332273912671,0.118865183821422,0.16412698150154395,0.0835877701646297,-0.17768330988846834,0.49657366497754535,0.10349780186343964,0.09076691493015979,-0.008351059107527528,0.0019945394500442523,-0.0368064696064258,0.12712475248587418,-0.024481823540230655,0.4573265587625553,0.09697806174830824,0.10920493109397451,-0.12455736812581959,0.1097815953373283,0.2892184809562549,0.31988810721772976,0.1974307359106203,0.4134887675918386,0.22828832338423927,0.3515880939549071,0.10278305700992864,0.1207460263055192,0.11647798333441949,0.4900293291735953,0.5448362644039745,-0.11956460555226775,0.5454258387154997,0.23989992650694641,0.26348627596162666,0.3093458447851203,0.5389275802858429,0.45874306502561984,0.03764157373456538,-0.09250887890316926,-0.26515559006031747,0.5693210508117263,-0.16639440360402716,-0.26033426686816197,0.15990306849566144,0.2863217544849394,0.10227400685203793,0.20271190062845126
0.4181662405645712,0.08220024695984171,-0.12053713691181832,-0.04830483897122645,-0.023704272401731088,-0.06161446074433181,-0.06353807280948197,0.1101399004377375,-0.034794357868531814,1.0,0.733531164720901,0.38577216298805894,0.19096890789267634,0.006215828749670203,0.4828563382912134,0.38076906651527387,0.7440988379127017,0.347520226456127,-0.134472561354657,0.5116092683013621,0.26601002802685947,0.2874080104200975,0.07786531151394185,-0.051513086859827854,0.5657918946099564,0.33318615936718116,-0.13918237892684687,0.4568686531828994,0.1892248389023348,0.32757289153131486,-0.009217275035386644,-0.01971908187005987,0.23673900810511242,0.0506224697492249,0.13082408776499338,0.009154342374638132,0.741488895614365,0.4292986044639905,0.33348293974129295,0.35216050479694494,-0.07948268876367583,0.17570691159681384,0.15619794913286938,0.1664242273093786,0.48684003445436297,0.09698149052195323,-0.14099513737688046,0.16068661969226503,0.3039739453005469,0.16235795075405776,0.15902161455365244,-0.009737846704316284,0.5884267324957101,0.45558440302875014,0.04847094755814472,0.4038871068142894,0.3833627535635698,0.6310353579469105,0.3745661365212988,0.24077539352624527,0.05166609391461348,0.3882656074991634,0.745229573031011,0.289750489020107,0.4854380432527948,0.5992878506800033,0.7012437597379643,0.3541936753669096,0.48529748077054624,0.24321080832707082,0.6233974896573141,0.2410780844299325,0.35111171527367696,0.3060926493795823,0.281079098276498,0.5520218564079955,0.1559577903570776,0.6489176457815935,0.1282736886929562,0.3504816890218173,0.4761456219056631,0.3005420352069952,0.1537514710955734,0.18887370408779322,0.5334016340797891,0.04206053860104606,0.2803635571363639,0.35988797305550235,0.13401645294174636,-0.16357856974512808,-0.025719114768486914,0.7580035355223865,0.5574111701203023,0.2472027458961236,0.10234712036872763,0.3896723167226138,0.13218989781897045,0.3588775217090063,0.40567113167533253,0.7301965959628955,0.17279201046293524
0.4201201819129773,0.12204305535091166,-0.12115312234772753,-0.0717252513886273,0.03963899381814522,-0.10060330030654435,-0.1009661614960694,-0.014777494045923746,0.02603045848837858,0.733531164720901,1.0,0.1938704214399879,0.20558579880444072,0.07875335946535751,0.32510238136177155,0.3509039108298781,0.8916535342111216,0.333046298504424,-0.14931265435449834,0.5486913290978133,0.23215515103681394,0.2717228035625878,0.08731571611047213,-0.01392021686299578,0.597986842872452,0.20324250964028567,-0.08206108283970745,0.2889391774201117,0.24709763659301265,0.29408253043218846,0.030769683958167305,-0.007172465420027328,0.2535076609611396,0.014341245246210966,0.14110263472794096,-0.04810224880079969,0.7289249882345745,0.3774631845046775,0.2810962113723106,0.16745870382433994,-0.09426524935383296,0.22173653743919977,0.12488622547045451,0.19540068055787788,0.36538029278272616,0.12346467188286231,-0.0492564560523486,0.2192538970430598,0.3019344868129146,0.17513031951458416,0.20581687646601762,0.001588549623355122,0.568556384791242,0.3209415228506033,0.027143749125951272,0.44311206873933506,0.26558745140376266,0.784907777878747,0.2960993934695077,0.21558429692859532,0.0727724008576151,0.23382787568787755,0.7284458147127861,0.227004284834236,0.4628504773058312,0.6968986548304004,0.8062397757997104,0.2640365292045574,0.6127285051861239,0.3415238402381973,0.6116064722080499,0.2563357529413358,0.32703205118513373,0.2929870501015776,0.2941031229189228,0.5785192313563575,0.2601549944613487,0.5790123355850486,0.20308302093965694,0.2389960741025375,0.5947626239948416,0.3083203479930226,0.10930915072052914,0.2218763411725127,0.4198233848408347,0.018815490224195566,0.3316164517895277,0.431140904412588,0.19531830084743065,-0.11617010491768703,-0.023876743684097923,0.8268692152071238,0.40463586795190304,0.07424291205761388,0.16318258612809897,0.2699882115898618,0.014474975456014057,0.3455926445240488,0.454973597080701,0.7807381645292091,0.2637413985963164
0.12211498203597937,-0.08465469779082448,-0.08505839867830874,-0.08981176248156068,-0.14134747909707776,0.0009543321920420757,-0.015946000600325267,0.04928163401440102,-0.09286601736025084,0.38577216298805894,0.1938704214399879,1.0,0.28210228871094306,0.019791606611450838,0.6712852005833834,0.21044408219480215,0.14780634542243193,0.278283328117225,0.0729037334693685,0.09724821534833923,0.0888923732361767,0.22509788442777712,0.10016671929029597,-0.12797350927657405,0.048711063079812385,0.47052503990329914,0.1259883537149608,0.29155719183478773,0.4891288482947792,0.1827585674965708,0.040206285600284025,0.26205866878592465,0.2692765815834206,-0.018120502582977212,-0.1273256199542504,-0.04042735792427962,0.11887342055668094,0.1635321947185169,0.07655463596522628,0.2093119225021274,-0.20661875030278845,0.13489147650469643,0.3409263720257098,0.017740187329740708,0.0795104632043945,-0.1005562267134349,0.13096906391287147,0.039627753994728135,0.2466161713592009,0.08668865432018098,0.33887794262095844,-0.20871336501345478,0.23210636644668386,0.38944486355934455,0.18879371326527883,0.23770988432618653,0.1970911045556142,0.19697961464023261,0.26132394651117596,0.4632104244722476,-0.074791219659327,0.08637934071414095,0.15084153361372765,0.24633515964308944,-0.11334895342824469,0.038024071995927514,0.24706165217546372,0.617319635303282,0.17471965734024275,-0.17739545452569985,0.09091970703115163,0.10587142488085131,0.14657085823060156,0.24534378808539548,0.3064884239702876,0.19161582134400088,0.09037166122724982,0.00782667809857536,0.04393089619504319,0.12213106309596626,0.1944080954804894,-0.15866455124791917,0.008894345045490047,0.0730926856844405,0.6110272514847221,-0.086175123002749,0.0014563230475957384,-0.18315423690223057,0.05861663682827258,-0.10030524417441196,-0.1079060852310232,0.05716280663100057,0.4180134917190444,0.22892843626924503,0.10109854829557577,0.2552918908719454,-0.17697042977040156,0.25184518714869497,0.07207563064184036,0.062398968340878595,0.10675789213405867
0.49363942587391296,0.2805141813936386,0.3631528055897731,0.26854867335557514,0.04099653992907842,0.324403177936727,0.31268362784955617,0.026512067391230975,0.2768550142450241,0.19096890789267634,0.20558579880444072,0.28210228871094306,1.0,0.31057136927161283,0.35554174728334825,0.2460418180867445,0.2251106773140153,0.31374545083996475,-0.16242969375471214,0.23342508540330584,0.19237635145857548,0.2167264295206994,0.45455888002463574,0.2800013757334798,0.2222032563022416,0.2602065297130643,0.3611858058745499,0.3593631692841811,0.47845590990143044,0.06186986104037413,0.43343014805522906,0.4487687958516615,0.49156055464692144,0.26721564107257295,0.2912069829625414,-0.008633243850247574,0.2702250783868749,-0.01025555254122736,0.012893823377967153,0.2667429528667876,0.14407019939469626,0.11290931174398426,0.3086512629223532,0.15209609712514127,-0.08900547401365874,0.20482831626868858,0.2131587256580882,0.27780815421836114,0.40388085426225506,0.3032790074872407,0.3413570699044007,0.276272647584752,0.41627821678463656,0.07409971399373524,0.2962689440408714,0.3573596015839769,0.1299576457559057,0.17553100069017505,0.1338774881969259,0.149558910811648,0.3474775853738341,0.22929821905954365,0.37530520377772375,0.4472685136642991,0.2290950435946471,0.07914730472576056,0.22673354297893172,0.2934836000081694,0.5264062533285592,0.022019915287364692,0.12780626375228843,-0.10009186001770178,0.1116354465356269,0.4356987730436537,0.46053626292043925,0.20417843630997776,0.5059535323741604,0.26657741750340136,0.17611932055790155,0.7372090124753884,0.33239143241503116,-0.1701792225678977,0.10190676053987502,0.4812932098722072,0.1699319231483437,0.328283938179368,0.2940271050707959,0.03199299499327552,0.3872621175500955,0.3993299107709966,0.22526390653352818,0.19300812770101106,0.4431685245116843,0.014304989616300353,0.28389369818775934,0.03664177038061889,-0.05734237888711706,0.21656109639733787,0.04567903399145732,0.20806608006814156,0.25196037763307794
0.44950605094107043,0.3132612853483967,0.4082066645421209,0.2660588650155404,0.18928849731146585,0.34710631595967867,0.36897511041641573,0.0830814520921062,0.33359904737103885,0.006215828749670203,0.07875335946535751,0.019791606611450838,0.31057136927161283,1.0,0.0697725447512617,0.10004750885767662,0.06408006424068165,0.12965546655024698,-0.2876051385606853,0.03959623601833567,0.14087463656139176,-0.035015008640613916,0.2962710876923022,0.4176908239257383,0.07279410298891945,0.06951386678252976,0.2202758720911416,0.0875347582409062,0.00452311115941515,-0.05178891383332403,0.3497619600089715,0.25410003315366464,0.31022733226196114,0.5417670434316689,0.19400483376083671,0.06442098842711076,0.05161540372127119,-0.3161955422221085,0.00711740384618881,0.0041959610986091675,0.37760137766126006,0.05732056121664297,0.20454805826879602,0.27856711938011386,-0.19237338721436903,0.4317156558094146,0.124435703987717,0.8713163141419479,0.3256949827228812,0.29345378615112366,0.15990438136719498,0.3010069751292025,0.40149554887016536,-0.2707862294337927,0.48002439867781616,0.1500928466730009,0.13827217752873863,0.13966826387395756,0.16475172753525721,-0.28051650625480234,0.21257402684550586,0.2634368215763393,0.14739289199615546,0.0829142484058205,0.16262268730103868,-0.12227234287653148,0.08990592120441884,-0.12924832887148308,0.24136396843921373,-0.08359553903688538,0.005081741743175872,-0.2841467608874682,0.19811554458509426,0.24302787565546638,0.2851374948919929,-0.08745820297578426,0.37552391720410805,0.11782588781202367,0.37301365621107396,0.1394307663673508,0.09471257012815532,0.050366581110649386,0.18744113904203502,0.3976543685541871,0.15270608775279204,0.28483382382486055,0.07444684371658886,0.0771109605062807,0.5294870906011993,0.49894720112202073,0.12269763154214128,0.1628318853338444,0.05878311489508629,-0.20397075329540723,0.306504362778715,-0.029325319493886774,0.11317726301955941,0.24348601282107385,0.19309063307780575,0.10121936657803397,0.26472681206510495
0.24585244084134203,-0.0663938048621983,-0.021078816097388393,-0.04889723499131818,-0.1549433680939307,0.018480121124904693,-0.012525714741571664,-0.07416197427690187,-0.07098255365374291,0.4828563382912134,0.32510238136177155,0.6712852005833834,0.35554174728334825,0.0697725447512617,1.0,0.17610473546309588,0.33274178252209635,0.25392797272440254,0.10145511215195696,0.2979204720743797,0.0927069239390256,0.32359883029439296,0.24738022059031295,-0.10645985348263534,0.33304722444968654,0.8317568016525033,0.14200125663690588,0.6109036398375358,0.528252278205623,0.3519200359061,-0.0859854899471276,0.217703063347501,0.37009034584471795,0.2033117062642258,-0.026964990399215086,-0.1746846102671429,0.28217194360373876,0.3673507147012475,0.03592797164491542,0.274152886166887,-0.04462927329978645,0.06944444361294481,0.397948417220257,0.15569112566655202,0.2605992439996956,0.08442055595224754,0.027252931180045088,0.09751091659095888,0.21090079291333996,0.08037809150270024,0.480016836770995,-0.2833896433437569,0.4246515635118019,0.4844341543744946,0.14848553485157903,0.4068654112439266,0.26930218640846865,0.2602331546657131,0.22023690594571135,0.36061927241743746,0.08020280590911626,0.26454797101269084,0.32563035903339327,0.36132527084341637,0.163238642364091,0.1159005718450693,0.2778026579259836,0.4537627962302004,0.32185287179350325,-0.015722280947443566,0.14724899475959158,0.2994696791036473,0.2611761134301647,0.19553208112590886,0.4086776813687507,0.3457516632625444,0.19706627852858188,0.30334939783915715,0.04727798776774666,0.20726730340151572,0.29076516683759773,-0.18553679522787989,-0.05233775253496952,0.2962591617280863,0.5521031653495002,-0.05512407129328473,0.08144493759037479,0.031830690292768124,0.34178131624033503,0.0013757570841907575,0.07944925834416468,0.23536199922136372,0.7177315674902501,0.22458111946804346,0.09504860933104603,0.33991397370677673,-0.1608982663390508,0.22752978429494947,0.1295664269360947,0.284684615789904,0.15125217009463218
0.41581840347148713,0.020788204378403466,-0.15325804671736187,-0.01573167324525374,0.13057883939855094,-0.15385932827195875,-0.13900886109246605,0.28565927602453806,0.16289550460631153,0.38076906651527387,0.3509039108298781,0.21044408219480215,0.2460418180867445,0.10004750885767662,0.17610473546309588,1.0,0.3940353739455202,0.8755598707212456,0.029634279451539243,0.48802815456745197,0.5454841633208619,0.09049662018843745,0.2763608252089356,0.11936996920326012,0.4913441587818084,0.07418956785027588,-0.12646222357774667,0.005602304643025119,0.22399513490185988,0.37658304397242154,0.03768495197867444,0.15724944781154965,0.23656187182939376,-0.003653899522509628,0.17008188243433583,0.17774610602062,0.3447512584658095,0.18399764153699313,0.5448558401855538,0.06723740989429075,0.18046908902006048,-0.17821424919466858,-0.13110470840517355,0.03059997498666626,0.20286880689305037,0.14747654894833356,-0.11469136603819047,0.20700731090545285,0.24028423720582445,0.4616332994796005,0.08590449676172371,0.2079057231442488,0.32693749235131087,0.11445633288812412,0.12834924237699633,0.24556259259210925,0.27398838121765057,0.3370108097937236,0.4184157343461792,0.2544083157146279,0.10349413897006346,0.15180173992656423,0.44114014503246574,0.11391703539051558,0.4666395755136273,0.24824657798372685,0.3465573899546249,0.16755154039162495,0.3550346136443223,0.4700442448483309,0.3915609518166983,0.2348512514774728,0.3223793248708329,0.19455651994630332,0.175608525278687,0.4594431770702505,0.3050137942621992,0.4896085827128454,0.21570777134167382,0.24387343501156397,0.5214424027621662,0.3597500113104596,0.16681757047292436,0.2288246627136459,0.3516479136325767,0.19151567837500408,0.4980859566580727,0.08005189417765181,0.11119157020489195,0.10585764190883633,-0.009693296034732006,0.4122055759991175,0.22888667583274308,0.2936147207800352,0.4532512668782367,0.0007119500620019167,0.17725534316914612,0.45170090950437525,0.3461253797564977,0.4619040018183366,0.25983927350052866
0.4463509622323618,0.07913075328830513,-0.07758732470979529,-0.04721425622250985,0.12197203531724042,-0.0703427810356417,-0.07717707694850792,-0.016523500580224032,0.05864140967862273,0.7440988379127017,0.8916535342111216,0.14780634542243193,0.2251106773140153,0.06408006424068165,0.33274178252209635,0.3940353739455202,1.0,0.3962832271106723,-0.23110726784962352,0.6334394758668609,0.21708352714798607,0.2627555317182692,0.0785054836981637,-0.03192478257759471,0.6464503682243867,0.20654753815699728,-0.019289477892017327,0.3059049323594672,0.2865373778941784,0.33077120054848375,0.09863584250218732,0.07111937616317819,0.18795034543928366,-0.02135391373656791,0.18208168922391807,-0.02093003792752944,0.85878767768804,0.4674404177402696,0.32795016964332385,0.1652178573432028,-0.10951325665920758,0.27569407833499415,0.13790567494495976,0.2033287160107977,0.4473039954456909,0.0929144785919973,-0.028212321895398077,0.1719702232917309,0.1884053221009173,0.12396299178373262,0.1162843701958571,0.08375094189844089,0.5391647136442594,0.31880378055958375,0.03342807901721661,0.5201178107627159,0.24887021278641286,0.7540254615886169,0.29146128349475225,0.18072305963744817,0.05909062484551845,0.2782720966034035,0.841116588405236,0.3937061667558131,0.48359044190690437,0.7611943135302519,0.7718845535321315,0.30020904115185654,0.5788814710946866,0.382421155752596,0.5612711308349276,0.22187721067819877,0.2638860611072171,0.22569859334847067,0.25920025405092223,0.5545589976601302,0.2754650008229699,0.6202064805486546,0.25683867168465874,0.29800938185317194,0.5865619688627605,0.31602629773968544,0.08432234316408756,0.2347017580782931,0.34209830980498573,0.024669922958249265,0.3380957340812014,0.40825662812552893,0.17618043367721525,-0.16266124470207435,-0.05616471353495379,0.9002821685457187,0.4686232516811025,0.11303115143261727,0.1377300323391963,0.2864653815138886,-0.02940103818285833,0.2685149061518964,0.41416154871547106,0.8707495490228487,0.22281462755882184
0.4710218018423101,0.030652829345334243,-0.07427162187167946,0.09419516890566702,0.11090925217279153,-0.056560307067567345,-0.03385687291722506,0.30790067831920287,0.11793976263660179,0.347520226456127,0.333046298504424,0.278283328117225,0.31374545083996475,0.12965546655024698,0.25392797272440254,0.8755598707212456,0.3962832271106723,1.0,-0.019642600356107702,0.45479791051113455,0.4557929740614655,0.14568720106015237,0.3156768621208439,0.1211547012285298,0.4572612607725955,0.19158426219151614,-0.0627053258866467,0.18034300332535788,0.30491072161633065,0.4609098032727129,0.12716994374553428,0.19704164079187603,0.35296709313366215,0.0777483400709062,0.236166226972909,0.17468208915283068,0.37041407107322505,0.20449180009600798,0.45458879271878455,0.03559329454485559,0.24951244921857366,-0.08231747254361413,-0.00369586540425646,0.12444208596476639,0.28939090991797284,0.22205205546324608,-0.15505889660789182,0.22704740556245823,0.21480178738179218,0.421370219189147,0.20915131495732628,0.13435397133474125,0.369121097739514,0.3051196123056316,0.1693763037128796,0.2526253649023356,0.33085787256367605,0.24792931155802345,0.3927849232498364,0.281513527196723,0.18882903339844814,0.19080633624149734,0.4665776640062529,0.12750157456103797,0.49016927128970633,0.23457286329475371,0.261625150085752,0.25947218789467597,0.38809965469053953,0.5000325029902546,0.3921084833081944,0.20276255648520977,0.303820184183024,0.18906632297390308,0.21475137045703932,0.4444677084124092,0.40786573144341964,0.43050081165623616,0.2655646969970527,0.31020729262138086,0.5869363679717886,0.3478110639558226,0.12719554267473568,0.2750872845359064,0.43022546858069693,0.27055267080859124,0.47770510271182504,0.08139851641850739,0.23448302143826466,0.14878129340731405,0.03861252070875296,0.35956793281223826,0.3516879742154342,0.20252132984405505,0.42167095294481605,0.011076379212290655,0.20859868545481702,0.4479573269232815,0.4014970520297764,0.42039941202093883,0.4064729656796778
-0.28870242682083996,-0.18761051734847048,-0.21212655530370214,-0.2234305939672264,-0.13482550301372004,-0.192256096852414,-0.20348952061483408,-0.1925020641334535,-0.19123702741664816,-0.134472561354657,-0.14931265435449834,0.0729037334693685,-0.16242969375471214,-0.2876051385606853,0.10145511215195696,0.029634279451539243,-0.23110726784962352,-0.019642600356107702,1.0,-0.22150726765157033,-0.08799153620844383,-0.04191425305132,0.022553944463740185,-0.3207542672785008,-0.18902267956829014,0.07420869942842533,-0.01801379671936737,-0.20119483941155253,0.13175882953564044,0.003370629221897035,-0.24686134936067014,-0.32629844320894547,0.024990916265587686,-0.10499030628413952,-0.23284561550096905,-0.11532497125693283,-0.28803703422471033,0.1362323358961946,-0.06754708043143569,-0.02517921383993104,-0.09210434231453916,-0.3395789916480861,0.12313178315030714,-0.30158615243689557,0.05455621000321509,-0.204081249092738,0.046046899950591205,-0.28566675457799884,-0.14430484514018777,-0.04343460861507306,0.05892129073231335,-0.21824857602103923,-0.15825177397138349,0.10586088779100622,-0.25329762657437815,-0.15971383434219294,-0.01714396390651796,-0.14565546054936845,-0.17519368601512583,0.24074125082256517,-0.16135162974307007,0.012414665342815304,-0.29688142316521576,-0.09096849415829938,-0.2209305309718203,-0.1952177455871573,-0.12722076768745788,-0.11421580131676745,-0.15833511096149555,-0.12104540461408479,-0.10747925896050492,0.057442216888716126,0.10582142097561133,-0.1159958382590983,-0.08727497665944657,-0.15660806555965628,-0.14471783637911428,-0.16344967495804075,-0.34742657330486576,-0.17365543116111243,-0.19970034746554544,-0.16765315892448343,-0.3341631639915731,-0.16540403040425586,-0.013614494741468556,-0.16841590337512014,-0.12835668444664916,-0.2382006372720465,-0.06557663478199584,-0.1621041687649149,-0.19390644550639988,-0.34086571500452506,0.011675087846974309,0.07950978165045461,-0.00782000571006697,0.0374797903272396,-0.08371050768112692,-0.18100611631147767,-0.13720321171504923,-0.2832241098066073,-0.11647461570537092
