SPY,AAPL,MSFT,AMZN,TSLA,GOOGL,GOOG,FB,NVDA,BRK-B,JPM,JNJ,UNH,HD,PG,V,BAC,MA,PFE,XOM,DIS,CSCO,AVGO,ADBE,CVX,PEP,TMO,KO,ABBV,CMCSA,NFLX,ABT,ACN,COST,CRM,INTC,WFC,VZ,PYPL,WMT,QCOM,MRK,LLY,MCD,T,NKE,DHR,LOW,LIN,TXN,NEE,AMD,UNP,PM,INTU,UPS,HON,MS,MDT,BMY,AMAT,ORCL,SCHW,CVS,RTX,C,GS,AMGN,BLK,BA,CAT,IBM,SBUX,AMT,PLD,GE,ISRG,COP,TGT,ANTM,AXP,DE,MU,SPGI,MMM,NOW,BKNG,F,ADP,ZTS,LRCX,PNC,MDLZ,MO,ADI,GILD,LMT,SYK,GM,TFC,TJX
7.845588984275019e-05,9.177633701280435e-05,0.00010101786885308007,8.610888714311439e-05,0.00019154606443695343,9.34200407789674e-05,9.354284987616705e-05,0.00011457340215255391,0.000221412237742168,3.138730180130388e-05,5.067843663699088e-05,8.829361890038723e-06,6.0145434114395054e-05,6.32336213616484e-05,1.8595827182990907e-05,8.50812144549533e-05,6.294591753824495e-05,0.00010258688255123128,-7.211599740478911e-05,7.068513351329094e-05,6.65415522598436e-05,5.7957018675782194e-05,0.00011255946849726001,0.00015859519211978496,5.6112291558690196e-05,2.6698227314466496e-05,3.5045848199324505e-05,3.627216797393423e-05,2.8712009010119936e-05,2.5063535532924993e-05,8.249183926687538e-05,3.585775017391941e-05,8.771600025486815e-05,7.95538745769897e-05,0.00015707672574990407,8.15806125026592e-05,9.979500066748464e-05,-9.148828029308918e-06,0.00011154039113086146,8.089843386681522e-06,0.0001279095774032476,-4.552576802691606e-06,6.448291151404629e-05,4.580289864413401e-05,6.298082459459282e-06,8.415561328659816e-05,2.493589965112413e-05,7.140651943407655e-05,5.261178671242372e-05,9.086552474502439e-05,4.7073188354018487e-05,0.00019648822587133084,4.3825514107245234e-05,9.07334520599201e-06,0.000140339006793552,6.254996195014131e-05,5.249622034348404e-05,7.6781914581512e-05,5.493841477088444e-05,-3.5522033230649623e-06,0.00014609759523202703,9.206943723149758e-05,9.401422320587591e-05,3.625108998075598e-05,7.882721605939635e-05,4.3825544352354426e-05,6.983488329750793e-05,3.846905318515916e-05,8.977778767259133e-05,0.00010751004775712352,5.487596335896199e-05,1.5412918998986652e-05,8.414658211096008e-05,6.282092909561672e-05,6.179936708803333e-05,8.921190823069979e-05,0.00012476919120509264,0.00010746356956954772,5.514670990480587e-05,6.086032383960782e-05,0.0001059487300765358,4.843822191793265e-05,0.00011869714504678061,8.57520228003105e-05,3.4969802610123806e-05,0.00018222439712652243,0.0001185237453009204,0.00011825696819505182,7.635341692545172e-05,6.861444931401745e-05,0.00010380657891472477,6.962938380154662e-05,2.8638224247287043e-05,-1.206307455403703e-05,9.816048615795322e-05,1.007776927475343e-05,2.3420795711498257e-05,8.672104358529019e-05,0.00012030059196261667,8.619899260445485e-05,8.515342159277414e-05
9.177633701280435e-05,0.00025745653006599753,0.00015577563655478084,0.0001637605414842426,0.00032121825456125257,0.00012232649201235915,0.000122803351146061,0.00012198133412155987,0.0003186452048790317,4.840384101209658e-07,2.0249886921179588e-05,-1.2571578821489813e-05,8.132720660856273e-05,7.969888174679046e-05,-1.0517594621059002e-05,4.263310521291873e-05,2.0101544128833373e-05,4.2640977860432274e-05,-8.337590047734131e-05,3.19894699217976e-05,5.01194813092764e-05,4.770034554741964e-05,0.00018263723802826927,0.00024978337866021235,3.1698416428565026e-05,1.594604478740895e-05,1.3172987116942043e-05,7.417778816680571e-07,9.175070610553252e-06,-4.363295884637699e-05,9.253774953419372e-05,1.3716655470279655e-05,7.363093047911174e-05,0.00010658739351785991,0.00015869219743060674,8.451279597206135e-05,7.832671738240672e-05,-7.557634763920514e-05,9.759675564300702e-05,2.8964106020180774e-06,0.00017731373368576924,-1.5375928299763323e-05,6.550527080458411e-05,3.541212754192898e-05,-7.800708194065835e-05,9.702284145166127e-05,2.3732772346891824e-05,7.636737285387716e-05,4.572376394064909e-05,0.00013895178483088765,6.387912478995227e-05,0.00027237749697627266,2.013728019508888e-05,-2.12547903221085e-05,0.00016707343885684556,2.7120697162152312e-05,3.082999194493849e-05,3.953892087610495e-05,4.6716870334123474e-05,-5.9898903901970974e-05,0.00021594470877459425,0.00013434566835750133,5.139528883601559e-05,2.9365694648114852e-05,6.504840523302904e-05,1.406403459377063e-05,5.088076841359712e-05,3.5260509578641956e-05,7.594332264568696e-05,9.740222813997707e-05,9.71038312914162e-06,9.79686447608287e-06,0.000110668292593789,5.441903523266705e-05,7.203557649445796e-05,7.230934960769795e-05,0.00013088715111947576,8.685647113520615e-05,3.0228992498073546e-05,7.973623016266395e-05,6.563391988530286e-05,2.0401016909104395e-06,0.00019764245213207103,8.113448695262805e-05,8.2165452987441e-06,0.00021819994919813817,0.00010163706571286923,0.00012727902026512343,8.03479868517311e-05,8.553247853753975e-05,0.0002149254146765947,4.005560485608072e-05,-9.183227754320982e-06,-6.228189329719717e-05,0.00014315268527707558,6.098246766172621e-06,-1.7729384249741663e-06,7.722817345880587e-05,9.336249197038897e-05,4.359998508693018e-05,7.838828227656605e-05
0.00010101786885308007,0.00015577563655478084,0.0002547999210417222,0.00012971288697593251,0.00030188377282711434,0.00020107049863102023,0.00019924221676731815,0.0001475441046811308,0.00034892090423194655,-6.2647253432479186e-06,-1.606523051393158e-05,-6.267679672350793e-06,8.958682384659471e-05,8.966786947256142e-05,1.0791025744321348e-05,1.506936086654004e-05,-2.639852497254327e-06,3.2777921054739295e-05,-7.468895551257545e-05,1.4983529454499845e-05,3.896442206695303e-05,9.00810872523616e-05,0.00019655115825948738,0.00031928820004106285,2.0330282091942457e-05,2.165385301080526e-05,9.563055720421936e-05,4.182616291562918e-05,4.1353568647325634e-05,-4.249685719676747e-05,0.00015143100714607886,7.727809185470696e-05,0.00013140766864325052,0.00014100967854224436,0.00023581105048854837,9.531517500618462e-05,5.560532874294666e-05,-5.978755451924525e-05,5.6513247584740604e-05,-1.2892388537492506e-05,0.0001888508465742681,-2.882832953711602e-05,9.140580677381466e-05,5.441472041299915e-05,-7.65616187930271e-05,0.00011600540823240227,0.00010058477713327915,9.67518508501932e-05,7.141893765006233e-05,0.00010281094223889632,6.26404601355106e-05,0.00029578631183453555,2.1919954807433785e-05,-2.7200415200748722e-05,0.0002742307652320644,4.076181997316465e-05,3.741629263411247e-05,1.5053499850054945e-05,4.319842856838299e-05,-4.490075095256316e-05,0.00023887387359153737,0.0001498888609510723,4.7652116586907335e-05,3.32646184186955e-05,5.237874799463215e-05,-1.7192168842598266e-05,9.406750193411425e-06,3.1409876537653404e-05,9.77418355372418e-05,3.826539215457268e-05,-8.494136569878096e-06,-3.3458713635778764e-05,5.980332554763244e-05,8.45431894553628e-05,7.370192118722109e-05,3.0877231673286853e-05,0.0001918105799373967,6.205065103790595e-05,5.196232248454461e-05,8.103156614368277e-05,5.812838241977784e-05,-3.0427136873933677e-05,0.00017465520909683914,0.00013028231149763445,-2.6732864165261868e-06,0.00031665487114894853,8.557632263360407e-05,9.710912811422098e-05,0.00011974190760655478,0.00013473028270743963,0.00019691579866219154,8.92097543307262e-06,1.7208578133241956e-06,-4.462974399893481e-05,0.00011447982577388102,-2.6157314423636088e-05,4.834127317533039e-07,8.152753926404539e-05,7.144827489482496e-05,2.4940675852449738e-05,6.577223191450933e-05
8.610888714311439e-05,0.0001637605414842426,0.00012971288697593251,0.00026081056299207044,0.0001661523968758432,0.00015488722842628896,0.00015376868723629376,0.00015221268224465762,0.0004005660746337321,-6.332346597070827e-06,-4.0225628863855004e-06,-1.3296174210482179e-05,7.402921579030342e-05,5.7257487764685674e-05,-1.3333895079776515e-05,4.1040072507887396e-05,1.0912004108374126e-05,7.300961236371626e-05,-0.00010610912282057794,5.3693651807627304e-05,6.781853820868336e-05,1.1500918482190002e-05,0.00014229442212476516,0.00020435094067827267,2.9710429217044666e-05,1.58084560084268e-05,-2.2300462210685848e-06,7.419932435747231e-06,-3.2361508961111043e-06,-1.2871125795246899e-05,9.276492726117788e-05,1.192146047700329e-05,5.842583917141869e-05,7.710256068544226e-05,0.00018500218158366407,0.0001266966446537871,5.2206630799448145e-05,-4.168555047567737e-05,8.248195470532026e-05,-8.65577924961335e-06,0.0002598307618854276,-3.16925495816815e-05,7.41873858836064e-05,4.0227893318957455e-05,-3.845419189892216e-05,0.0001026061785671226,-1.558095622672455e-05,4.5822543806879027e-05,2.984067462136665e-05,0.00011329535630617612,5.5659732243946145e-05,0.000301050024887752,-2.2080755839524976e-06,-1.4246225543407243e-05,0.00014011411128999417,3.774627763747897e-05,5.73566587050897e-05,3.014597573609116e-05,4.1832014317555126e-05,-2.2806107810600123e-05,0.0002340687884353933,1.2496774210221054e-05,5.573342857801416e-05,3.855761483344187e-05,7.0985194241606e-05,2.560438414381927e-05,2.5569658244576852e-05,3.8616276116813175e-05,7.364417060180825e-05,0.0001478249575427646,-1.0725575162710693e-05,-1.56969200745728e-05,7.750880617806462e-05,3.861634191709029e-05,4.885690219777889e-05,9.31052195279541e-05,0.00014562223208346213,8.47716949911994e-05,5.3626822141685844e-05,7.568666846440843e-05,5.990206345699839e-05,1.3977869729969793e-05,0.00018292002453882149,9.539356317309091e-05,9.47963989074092e-07,0.00023264110354481184,0.00015710066597316303,5.0151388704806543e-05,7.244909247623474e-05,8.897561422039817e-05,0.00018283363248793112,1.770220032003979e-05,9.928222691198612e-06,-4.3999417537948e-05,0.0001318905716780057,2.954897662497943e-06,-2.1357915288637948e-05,6.886962417416816e-05,2.498678205869629e-05,3.7159523169635144e-05,0.00010941244810539664
0.00019154606443695343,0.00032121825456125257,0.00030188377282711434,0.0001661523968758432,0.0020524141294604734,0.00016926591734808466,0.0001783342824456545,0.00027496918696071955,0.0007320232417834566,-2.0884360717651107e-05,5.031391090998779e-05,-6.741109754883293e-05,9.624417938230732e-05,0.00011364121007234306,-5.8513787242763844e-05,0.00015694538867385482,0.00010929627507600624,0.00017416610993039417,-0.00022898033128876993,9.03751938725801e-05,0.0002076432148467095,5.493878356086453e-05,0.000248275950530663,0.0005072020823487293,3.614939507863683e-05,-4.505857826566032e-05,0.00010411522317571634,-2.2370926960255645e-05,1.0048992195441405e-05,3.206056764641039e-05,0.00026169022283454045,5.493986865309897e-05,0.00017029514567843665,0.00019349258821772466,0.00043712319484888235,0.00025967033373289336,0.0002673830156757643,-0.0001024357866757492,0.0004629394948843042,-3.627746054928185e-05,0.00033554547669348143,-2.1408582657866368e-05,6.98426950533758e-05,6.435285613377855e-05,1.928969710985657e-05,0.0001917098109316554,4.3536322457841466e-05,0.00014008332105566826,5.463454864098053e-05,0.00026088615800350904,1.8584550657817792e-05,0.0007036968073241787,-2.430080364694327e-05,-0.00010687091747016841,0.00037459247421205405,3.5561719164697073e-05,-2.2589227438150826e-05,4.7696724414019024e-05,0.0001788513363322456,-0.0001411170435044806,0.000376274396354563,0.00014623595401237164,0.00014841673280158686,4.285043417100765e-05,8.229456256173962e-05,0.00010581983761567158,8.430810997041897e-05,5.818359641480444e-05,0.0001226253653337904,0.0002127333928932284,-3.266985609781772e-06,3.390959053926726e-05,0.00018248289430710806,4.885240105911046e-05,4.322541962564404e-05,6.732462653878489e-05,0.00031224029224210826,0.00010772896091579573,5.766613848867533e-05,8.079375403386703e-05,0.00010255138246021294,0.00012899087622272968,0.00036661335679283275,7.15336734829455e-05,-8.515591296599795e-06,0.0004734768087512679,0.00023147910287387759,0.0002533742318963331,0.00013012668051291397,0.00013480244318138403,0.0003030114756342757,0.00012888401031666862,-8.469396807720871e-05,-0.00013571303954014075,0.000273665443580451,4.105058674655325e-05,5.1380868485712294e-05,0.00013539420722691436,0.00031578878235535173,0.0001772543459218867,0.0001542028584900603
9.34200407789674e-05,0.00012232649201235915,0.00020107049863102023,0.00015488722842628896,0.00016926591734808466,0.0002475491630028357,0.0002413794179030792,0.00014037113672083306,0.0003295617781821117,4.834177209885724e-06,1.184529535554113e-05,4.690927650417578e-06,8.59116724635715e-05,8.805755852185577e-05,1.1058207784810325e-05,1.7295591318862164e-05,1.9932568463399794e-05,4.2397786998669854e-05,-8.352308467981662e-05,2.8876990121928364e-05,4.646613484087456e-05,7.490694146418864e-05,0.00015373475077580732,0.000244861107428759,3.372136850320173e-05,3.349692743933372e-05,6.402278272021323e-05,5.0679179584905574e-05,4.2371844079877484e-05,-2.1507589722038434e-05,0.0001142960047794026,3.681071768459867e-05,0.00011014164301837683,8.741394319404019e-05,0.0002103107046568684,0.00012854766224259576,7.82741939944697e-05,-3.290815538337201e-05,8.350954587306156e-05,-2.1273744699253572e-05,0.00016821558502155517,-3.610350173059424e-05,9.30949076628982e-05,6.494455724843324e-05,-3.2294753888653984e-05,8.739070505425032e-05,5.845464261625605e-05,8.984441021625921e-05,5.995672106770292e-05,8.904255762533018e-05,4.499629221067249e-05,0.00023479234207402966,1.6980930905511252e-05,-4.9214533990893606e-06,0.0002124709206207291,3.224460554070651e-05,4.795728482157791e-05,4.846457750103629e-05,4.012826472935855e-05,-1.5595564509046556e-05,0.00020077226277458185,8.189506399312631e-05,6.474438226417588e-05,2.945900576456112e-05,7.021560100096065e-05,1.7363921950153505e-05,3.6888573135634936e-05,3.980305916162396e-05,9.002324689691809e-05,7.09730561675316e-05,1.7412467000083822e-05,-7.477107404769389e-06,6.007712300323618e-05,8.084142931401604e-05,6.802869619228086e-05,5.003471951001637e-05,0.00018049419126637444,9.009508038186341e-05,5.0379739022192576e-05,6.642537209669856e-05,7.649290981717125e-05,-1.9547597243416812e-05,0.00013019028329385392,0.00011166881561354609,8.635398778427918e-06,0.0002414484565774565,0.00011840036574182077,6.0880168519202946e-05,0.00010465940933209668,0.00011559057211950804,0.0001555849652950414,3.197752290228761e-05,1.021503278874878e-05,-1.459764940478452e-05,8.789785867858423e-05,-2.1215919324771487e-05,-7.536942935679779e-06,9.132855231590231e-05,7.883763014786873e-05,4.144216193746678e-05,8.068472118208888e-05
9.354284987616705e-05,0.000122803351146061,0.00019924221676731815,0.00015376868723629376,0.0001783342824456545,0.0002413794179030792,0.00023843435587313333,0.00014443836931180712,0.00032623827773846343,4.21658018909518e-06,1.329237624133202e-05,1.5959925528630249e-06,8.183431570581424e-05,8.830813341612374e-05,6.132546357488216e-06,2.1813228269667724e-05,1.985754950148186e-05,4.856641281484806e-05,-8.895486050051052e-05,2.7136581047157948e-05,4.55583848165865e-05,7.315981002789702e-05,0.0001541090142939882,0.00025298746685648905,3.170832352212991e-05,2.9019505167142327e-05,5.844238765014799e-05,4.945210393122268e-05,3.781262085609525e-05,-1.9848067863543104e-05,0.00011534913510317147,3.642076247939838e-05,0.00010585566886608995,9.196867016547446e-05,0.0002132423313190281,0.00012851602210344824,7.576272329025986e-05,-3.6209166574498415e-05,8.771898127852026e-05,-2.2013176201564414e-05,0.00017497195617165385,-3.598841792976989e-05,8.654016653365627e-05,6.348506991819838e-05,-3.537347491084919e-05,8.838846864320814e-05,5.044742777296843e-05,9.179617527964896e-05,5.9038988210760834e-05,9.180289284036256e-05,4.407883365448824e-05,0.0002368731169360721,1.6247025985185224e-05,-5.597005153713348e-06,0.00021489079995855746,2.621393170963543e-05,4.717409104236208e-05,4.8580730947626095e-05,4.23061584329958e-05,-1.8470842620597067e-05,0.00020342940173485868,8.417614394947215e-05,6.373205438382982e-05,2.6701645886121083e-05,7.166693282508993e-05,1.759021469531537e-05,3.7604761540447234e-05,3.8594965795033496e-05,9.1567870900753e-05,7.659678733864768e-05,1.6417500904459765e-05,-1.1841590251339319e-05,5.621533776198356e-05,7.951433004328622e-05,6.6287547820539e-05,4.6591992199698204e-05,0.00017772909793461848,8.31955378122222e-05,5.9226278474248433e-05,6.494537500122287e-05,7.885990637105368e-05,-1.4282727980813902e-05,0.00013270932676033684,0.0001071038455433826,8.359273011696142e-06,0.0002458400042060324,0.00011886957408364873,6.165837395128095e-05,0.00010433980836644232,0.00011479009724788045,0.0001542646010566958,3.341095438866991e-05,7.341485537909016e-06,-1.7587846758127275e-05,9.029538727959225e-05,-2.1302271452255697e-05,5.393167757896966e-06,9.09441212684537e-05,8.285082555817887e-05,4.101261102074592e-05,8.282223842994137e-05
0.00011457340215255391,0.00012198133412155987,0.0001475441046811308,0.00015221268224465762,0.00027496918696071955,0.00014037113672083306,0.00014443836931180712,0.00040683311933077,0.00027918866689720585,3.616890210804495e-05,1.3341239548410328e-05,2.0024922439351462e-05,3.402977418653015e-05,2.8621728076979588e-05,1.977004597512578e-06,0.00013571901288444456,3.2666849124044415e-05,0.0001575494794440503,-0.00013144631290733184,6.541826066797629e-05,0.00011634584163534746,6.494221615646144e-05,0.000123515487392232,0.0002519390837982908,7.03325588960793e-05,2.3696436276368586e-05,3.0171493518230974e-05,4.5048046346387373e-05,3.902341491898142e-05,3.791998345203335e-05,0.0001388066210556986,3.2537481007294756e-05,5.706540738685282e-05,0.00010502889621017767,0.00029264452308533075,0.0002333385171161148,0.00010899424714946842,-1.8359082391078892e-05,0.0002219829837461752,3.116689490666047e-05,0.00020410538225487765,-3.833623740079882e-05,6.780547278203224e-05,7.763684595529354e-05,3.6228730388309756e-06,0.00013129246339858012,-4.069427695796057e-06,6.605059644474154e-05,4.1994299562141265e-05,0.00015003105928449521,4.324889838862019e-05,0.00032265275719230407,2.120960645311497e-05,2.2073214014439515e-05,0.00019141769341883433,1.3768503414861584e-05,9.722295133601418e-05,6.590557918779276e-05,8.078915738001754e-05,1.8509177102184255e-05,0.00022391137222022974,7.237274929740557e-05,0.00010597294366034004,2.8608932582592765e-05,0.0001313000854945838,4.960590711647193e-05,4.84828796485813e-05,7.514602742894466e-05,9.692600463752586e-05,0.00020355891558838287,7.325687199220852e-05,1.566408653847205e-05,7.962182818309849e-05,5.0352547659295546e-05,7.057170366207515e-05,0.0001307111519111535,0.00011682377666782119,0.00012730926896643358,8.142742961891673e-05,7.211097354511773e-05,9.443896616606422e-05,0.00010976894513177717,0.00024380497700066957,7.358964369289512e-05,6.753051413750172e-05,0.00032537028702825436,0.00017987238177392872,0.00014964357447840387,7.609198725710598e-05,0.0001085572846007354,0.00018411855714370193,6.152874981468931e-05,1.9496286050948452e-05,-1.495436564638928e-05,0.00015062158304405074,-3.7021614440991175e-06,0.00014579154404231878,0.00011981411391229843,0.0001190137924834979,9.85129547487731e-05,0.00013783687793463085
0.000221412237742168,0.0003186452048790317,0.00034892090423194655,0.0004005660746337321,0.0007320232417834566,0.0003295617781821117,0.00032623827773846343,0.00027918866689720585,0.001427046554920168,-1.5251660446620746e-05,2.6044297858962165e-05,-5.078876315980352e-05,0.00014785798142025755,0.00020739558366658807,-3.5016857829708104e-05,0.00016145335772103475,6.311367464534345e-05,0.00012896834825336487,-0.00019066232318157747,0.00013231298144248944,9.32174391354659e-05,5.31088624371375e-05,0.00039383514094413195,0.0006255139662376399,8.665356920911044e-05,6.908950095437792e-06,0.00014853490271159476,-2.1689467907034006e-05,7.948572579005126e-06,-5.442977665871817e-05,0.0002390057884083007,8.301030934416326e-05,0.000179832494889536,0.00026447267569068957,0.0005211748289200812,0.00021464359774260117,0.0001415311489643973,-0.0001465444144581177,0.0002507563883366496,-1.7957979846230202e-06,0.0006942837793463139,-2.3821429980310983e-06,0.00020351677638608367,7.735120081265284e-05,-0.00017227372272181961,0.00026497427121666833,0.000141789422871882,0.0002077644272759034,0.00013500989255202215,0.00035173557279696507,6.200360260344152e-05,0.0010565403608137455,3.632428598190196e-05,-0.00013906067350851864,0.0005263678720942434,0.00017275807642773845,3.832425822040828e-05,0.00014569224939595227,5.422520115868311e-05,-0.00012370793542619592,0.000611408351642041,0.00014017696858329147,0.00011727781168388743,-4.835696007155553e-06,6.277404088779718e-05,4.5459356114763735e-05,0.00010589859694557656,3.0488934469833057e-05,0.00024419523860203126,0.00014970072199496878,4.371015066598154e-05,-6.416327892872062e-05,0.00015846647047048837,0.00017647146390103451,0.00015587810406303556,0.0001541920867586144,0.00032051957760685076,0.00022515038794950184,0.00021863331145595172,7.688785731973716e-05,0.00015761283066808502,8.469257474557762e-05,0.0004980852999827873,0.00029456137707179863,-4.743760544489185e-05,0.0006593498768750497,0.00024725834843471043,0.0002808122504935072,0.00017735691721360106,0.00029020558276082357,0.00046867948684869,8.09714458880187e-05,-3.9609224072851426e-05,-0.00014758938523700552,0.00040101338023968997,-3.9512913800480675e-05,-0.0001289812015357989,0.00012494965626994747,0.0002846982433464545,0.00012639542625297206,0.00014577414525494822
3.138730180130388e-05,4.840384101209658e-07,-6.2647253432479186e-06,-6.332346597070827e-06,-2.0884360717651107e-05,4.834177209885724e-06,4.21658018909518e-06,3.616890210804495e-05,-1.5251660446620746e-05,9.050010579380569e-05,8.981693219929578e-05,3.550636933802218e-05,8.717482088262576e-06,5.314460853670504e-07,3.806679336414727e-05,7.069621857624493e-05,0.00011351027796908338,7.908151956048925e-05,-4.764758734148243e-05,9.05473200035977e-05,3.9773575113382495e-05,3.114162935642465e-05,-3.244862362939828e-06,-1.8007731000499206e-05,7.101916252146968e-05,2.7524017217710357e-05,-2.8908265707712687e-05,5.3026179007340957e-05,2.215785987917041e-05,4.1538577626382165e-05,-5.722215109007918e-06,-6.808064676140213e-06,3.0252032826112218e-05,3.4303270846195127e-06,2.4811547052093166e-05,2.3566798694772636e-05,0.00014701706243428037,4.657051164368221e-05,6.381681790768857e-05,3.3142564938082435e-05,-2.1329356193431387e-05,3.490763948208893e-05,2.5156777469515977e-05,2.5942440677692606e-05,7.237574587639214e-05,2.242148427296103e-05,-3.359536492150491e-05,1.8626960409341842e-05,2.9549168328936945e-05,1.0526129852993278e-05,1.0029182431754345e-05,-1.1287128894540883e-05,5.9087357060658837e-05,4.7325273684171624e-05,4.988860741141746e-06,6.876878265093305e-05,5.628755292957542e-05,0.00010349013295820602,4.960985866974284e-05,3.0184988858804283e-05,7.064498893851701e-06,9.536713515307082e-05,0.0001259565248000529,3.8778883456396344e-05,7.62178996050857e-05,8.116435993433902e-05,0.00010396065433010983,3.6490589834476106e-05,5.4414250483899225e-05,6.895252877231338e-05,0.00010501600185743346,3.486519599776035e-05,4.743497020386212e-05,3.253625019774482e-05,1.5089663135257985e-05,9.981175154572382e-05,1.7298318028232302e-05,0.00013357013453373057,1.7646938924052995e-05,3.701297074309256e-05,0.00010242422822687008,7.312660020100583e-05,2.97397408196906e-05,2.7501618578373653e-05,5.396626666869278e-05,-3.5242969010479424e-06,6.627146202006402e-05,0.0001314991748720942,1.5724587782856398e-05,-3.170050688285109e-05,-1.396462558032451e-05,0.0001137736123065184,5.007841839047538e-05,3.793943278848131e-05,1.5895554820669726e-06,2.652121812389498e-05,3.72302404687187e-05,5.124850267398788e-05,0.00011535419769866384,0.00012269394881131982,3.159839106811783e-05
5.067843663699088e-05,2.0249886921179588e-05,-1.606523051393158e-05,-4.0225628863855004e-06,5.031391090998779e-05,1.184529535554113e-05,1.329237624133202e-05,1.3341239548410328e-05,2.6044297858962165e-05,8.981693219929578e-05,0.00021882898109567723,2.477832600494964e-05,1.4199084401924739e-05,5.4299804120169095e-05,2.259052150289509e-05,0.00010061920736402121,0.0002021106008127501,0.00010740255430664178,-8.840738959654553e-05,0.00012668151595455161,7.280810754690667e-05,4.7781115432003164e-05,1.3813338611986742e-05,-4.3094756173107824e-08,9.10583263330563e-05,1.3083669254460063e-05,-3.392280763888709e-05,4.303849801661624e-05,1.716481700677346e-05,4.7220509913350746e-05,-7.654379614143575e-06,-6.698102696652616e-06,6.477202242472627e-05,2.471366746546836e-05,4.25772938152222e-05,1.9686885653549516e-05,0.00018551581565923785,5.4764367668861806e-05,9.967643954398026e-05,1.3358909506649938e-05,-3.5548662617096906e-05,4.541150044781644e-05,3.836112342754826e-05,5.275841344239598e-05,6.959922031180276e-05,4.716784135821671e-05,-4.038525791829343e-05,6.906775475158626e-05,5.155331633377639e-05,2.23249652870159e-05,2.8201136572341808e-05,-4.3165170499144614e-06,8.139768872320868e-05,3.882659092044628e-05,1.6267600361402375e-05,0.00011579755932189627,6.108542306946732e-05,0.00020856820982686334,6.618620877370176e-05,2.438712959844588e-05,-9.519742647436963e-06,8.031999531424666e-05,0.00016268471086988747,3.078144840582431e-05,0.00010643070021656452,0.000147158037920261,0.00019063188218414575,2.6950959726938035e-05,0.00011559745663001634,0.00012811944755888218,0.0001389657203880386,6.012691417143818e-05,9.366475170465958e-05,6.476872424268469e-05,2.673319269134593e-05,0.000144839526081997,6.932678888374275e-05,0.00015367887654388446,5.7485832975609234e-05,2.4975883540437083e-05,0.0002002713304624135,0.00011995563020891099,4.1656589906566014e-05,4.479140036244125e-05,6.995194069559969e-05,-2.1955786475594166e-05,0.00012798724497838952,0.00021798659501837041,4.276667061447366e-05,-2.9905240610709175e-05,-4.707419561535867e-05,0.00019331566723046367,3.907272871585608e-05,2.697880371737676e-05,1.523980570808723e-05,2.7174297700667372e-05,1.2630004290248811e-05,8.92471050266518e-05,0.00020729119524624744,0.00018122698802300574,8.501223078231403e-05
8.829361890038723e-06,-1.2571578821489813e-05,-6.267679672350793e-06,-1.3296174210482179e-05,-6.741109754883293e-05,4.690927650417578e-06,1.5959925528630249e-06,2.0024922439351462e-05,-5.078876315980352e-05,3.550636933802218e-05,2.477832600494964e-05,8.70567016663281e-05,3.435034822407281e-05,7.981645482084109e-06,5.688357196994195e-05,3.024993390387259e-05,2.1717852103295474e-05,5.156764209840317e-05,2.6696583444958365e-05,8.203423014971515e-06,1.3263848503942761e-05,2.2519258247796624e-05,-2.518866162490359e-07,-3.903099026852971e-05,8.572781486798446e-06,4.092740563083076e-05,1.939941163765133e-05,3.665765201854077e-05,5.3936147394541423e-05,1.4415009989276313e-05,4.07837986499398e-06,3.3372225903491834e-05,4.101842974728204e-05,3.887489917405147e-07,-3.4061911339285915e-05,-2.615933991783015e-06,2.4999726811377646e-05,1.8631601116537984e-05,8.767278630743645e-06,3.125388188213823e-05,-4.953418066768008e-05,3.0250398107766927e-05,6.76963430703051e-05,1.564374188239164e-05,1.6040794733866707e-05,-1.6053897816060778e-05,1.300821921470297e-05,2.9899642327331066e-06,2.432061973921804e-05,-3.858503117609046e-06,3.9838878515067266e-05,-7.554864168430269e-05,2.730477960911475e-05,4.0154789115674994e-05,3.438862128913577e-05,2.9557905869007666e-05,2.574867658095133e-05,3.165431853974706e-05,2.706717349375723e-05,6.083326194588187e-05,-2.268575864461233e-05,2.3869867884190405e-05,1.79042960641956e-05,4.186768009889206e-05,-9.58080329654914e-06,8.641541480088887e-06,3.750340174590706e-05,5.5462070263262804e-05,1.5917662151780174e-05,-4.4204115148838183e-05,1.9406453963516128e-05,1.783481146613578e-05,2.8771679836506466e-05,3.1839023253221754e-05,3.0485162036513998e-05,2.082726162120452e-05,6.84631720480225e-06,2.6245983829147254e-06,1.7736176024671645e-06,1.9889398733823664e-05,4.009329450986872e-05,-2.4268704685399252e-05,-6.308529179474771e-06,8.63219733002947e-06,5.738462813612557e-05,-2.3374712321934243e-05,-2.650721254863085e-06,-4.8033795444292085e-05,8.10274363890073e-06,-1.106044734464293e-05,-2.6747012620143103e-05,9.166207747497973e-06,3.960713897784835e-05,2.3903047654104493e-05,-3.800969759725544e-07,2.4772519048699254e-05,-1.3797563165336102e-05,2.4054252611892576e-05,7.168191661861734e-06,1.0813406605386028e-05,1.0888814564280429e-05
6.0145434114395054e-05,8.132720660856273e-05,8.958682384659471e-05,7.402921579030342e-05,9.624417938230732e-05,8.59116724635715e-05,8.183431570581424e-05,3.402977418653015e-05,0.00014785798142025755,8.717482088262576e-06,1.4199084401924739e-05,3.435034822407281e-05,0.00017439433238284176,6.29296544034939e-05,4.419445516047579e-05,7.224968601197522e-05,1.3806416013169337e-05,9.920871164962979e-05,-2.62011067418009e-05,3.659378459218447e-05,4.0281343500754516e-05,6.171981279689503e-05,0.00012046866388139846,9.749225986902985e-05,2.8552613128022776e-05,3.92660887737696e-05,8.450967618259559e-05,5.15642890209558e-05,8.052283305322876e-05,1.918393862706285e-05,0.00010183670274796002,7.021257368709333e-05,0.00012965622176143934,6.7438031479732e-05,9.80232311128549e-05,4.302536639454042e-05,4.709100496237585e-05,-1.419779682250821e-05,3.053441452118053e-05,3.4465953924627274e-05,8.729223895688488e-05,2.1421998160832926e-05,9.498214256411232e-05,3.0201359749321306e-05,-1.926138058162749e-05,3.769159397161583e-05,6.867570665440131e-05,4.384911737432181e-05,6.512602918278953e-05,8.012170274909587e-05,7.052081477937655e-05,0.00014969761157125838,4.00943815558593e-05,6.624512387922614e-06,0.00011576921826821199,4.58622466064358e-05,2.3502107738201237e-05,1.961653871390586e-05,2.3252355455073087e-05,2.3871915500580817e-05,0.00014048820293446467,7.206859260736353e-05,5.869616616252418e-05,9.187589163088033e-05,3.810114596002855e-05,-3.802441700779315e-06,3.7163819765169724e-05,5.076258563999106e-05,7.62473125766826e-05,1.6839689021816446e-05,1.3728810762356167e-05,1.0892662187836796e-05,5.6596720496951345e-05,6.594091346181732e-05,8.40640331273424e-05,3.960860104040819e-05,0.00012938025966988622,4.5652893856831464e-05,1.7776377495157418e-05,0.00013696911589148773,7.312336212967981e-05,-4.559785414262373e-05,4.847779937299951e-05,8.9282886285789e-05,2.7175303404965285e-05,0.0001327985299919795,8.483621157433817e-05,-2.239376632648064e-05,6.282019263253487e-05,8.479306027948331e-05,9.434524676734571e-05,5.131224883405462e-06,5.513041218604629e-05,-6.679982560088432e-06,7.491047031562087e-05,2.1500328470370743e-05,-4.6249635350663194e-06,4.977401727932876e-05,9.59514539613945e-06,2.1017615272145223e-05,5.658706861940962e-05
6.32336213616484e-05,7.969888174679046e-05,8.966786947256142e-05,5.7257487764685674e-05,0.00011364121007234306,8.805755852185577e-05,8.830813341612374e-05,2.8621728076979588e-05,0.00020739558366658807,5.314460853670504e-07,5.4299804120169095e-05,7.981645482084109e-06,6.29296544034939e-05,0.00022950398749379297,2.3662928871026324e-05,5.3051069475816326e-05,2.9645341482489118e-05,5.4919124421384105e-05,-9.109891505007888e-05,1.971104563133014e-05,4.494523475754012e-05,1.4919080248887587e-05,0.00010833627240575945,0.00014875605283651158,1.8003801486390057e-05,2.4842177885698867e-05,5.4743320588567345e-05,2.1686127534971315e-05,1.1355887872173582e-05,5.773597232921787e-07,8.545697858192929e-05,4.8691390081437446e-05,8.940952998528489e-05,0.00014690116922538252,6.997739324172514e-05,2.2258584194337334e-05,1.3125323631966915e-05,-4.48248963347552e-05,2.612789101316114e-05,4.0244678506305375e-06,0.00016086923822574304,-4.145030043657062e-06,7.729300311748748e-05,6.291173347491627e-05,-6.098819469027114e-05,0.00011520670917618672,4.604869376521578e-05,0.0001749708314407096,6.945478052012847e-05,7.923212713839664e-05,5.248186150222214e-05,0.00014462953872754767,7.5155903718568e-05,-4.009511508763709e-05,0.00018434838367932426,6.355480040255563e-05,3.770761243209577e-05,6.339625291906305e-05,3.383257543809821e-05,-6.023708504459133e-05,8.965723845655085e-05,9.404643529266846e-05,3.759256624123858e-05,1.79735574578498e-05,4.5352574746007354e-05,-1.2267338902746601e-05,4.135684328506877e-05,-1.7642702387385723e-05,6.737878038078349e-05,-3.6955403109052465e-06,2.1179896199592864e-05,-4.216630604253414e-05,0.00010286449017338613,6.548767243318532e-05,6.794012100624684e-05,5.477864915120929e-06,0.00010923023068368499,4.252248290565707e-05,8.783411405929319e-05,2.3746227203562827e-05,6.171584176792574e-05,1.9993606628079973e-05,7.53296126716891e-05,0.00010370691641563064,4.004238962469122e-05,0.00010556692941685335,4.0107067502990015e-05,8.342077623705315e-05,0.0001109528162017519,0.00010051171109928202,5.520397296860712e-05,4.6215266648703176e-05,2.0389114754691546e-05,-4.764861488391846e-05,8.649050994619927e-05,8.239462373884071e-07,1.646075888475603e-05,7.871914356419698e-05,0.0001227208547169534,3.5996158623663106e-05,8.873140350058389e-05
1.8595827182990907e-05,-1.0517594621059002e-05,1.0791025744321348e-05,-1.3333895079776515e-05,-5.8513787242763844e-05,1.1058207784810325e-05,6.132546357488216e-06,1.977004597512578e-06,-3.5016857829708104e-05,3.806679336414727e-05,2.259052150289509e-05,5.688357196994195e-05,4.419445516047579e-05,2.3662928871026324e-05,8.096189020317974e-05,3.0250442889611585e-05,3.084547329543876e-05,4.8886046549959775e-05,2.3013231443016114e-05,3.2595951564083946e-05,7.70702543162145e-06,3.498537165332041e-05,3.5707826905910744e-05,-2.9297746934338993e-05,3.116199617826356e-05,6.49504815785887e-05,2.357023624503168e-05,6.236565620827938e-05,5.677534490577841e-05,3.6890031019394614e-05,-3.909268330284821e-06,2.9450003440408194e-05,6.054329657753222e-05,3.973228076522567e-05,-1.1117247961763497e-05,-1.8819311543215024e-05,4.528800221089653e-05,3.0489165505908832e-05,-1.0405091901524911e-05,3.175631295711185e-05,-4.299798387394729e-06,9.217778173355697e-06,6.16096235625676e-05,2.735445389649008e-05,3.522312717657267e-05,1.8944995420860265e-05,7.31886932156621e-06,1.6849420899127753e-05,2.8045078374426584e-05,9.093137408400707e-06,4.955621298055135e-05,-7.311285620896846e-05,4.707140929959481e-05,4.1512431497219566e-05,3.730345259565224e-05,5.3295154058712555e-05,3.389173390452866e-05,2.5008860768928382e-05,1.78848121551705e-05,3.595702839604652e-05,2.283013158215297e-05,5.66565301404761e-05,4.222772118769034e-05,5.059540446310346e-05,2.212077834659013e-05,2.0241508492281936e-06,2.9145138036732418e-05,3.776933218348072e-05,2.986128450661642e-05,-1.2676316570229285e-05,3.081281973115363e-05,3.8303123499100746e-05,5.01120134121369e-05,2.815742017649648e-05,4.708518179908651e-05,3.792855895722942e-05,2.368074841777703e-05,4.645118546310484e-05,1.274070456791992e-07,3.0178195235125448e-05,4.0477339539338844e-05,-2.583460705478775e-05,-4.825483651801751e-06,4.04729846942163e-05,5.3049761211631183e-05,-1.0840669025787333e-05,9.299259833586557e-06,2.112731257275735e-05,4.017280215276898e-05,8.963367984393374e-06,1.6284265864824116e-05,2.1223194643300213e-05,6.347945274333117e-05,2.6966953296807855e-05,6.467428669579775e-06,3.0375222952577874e-05,-5.14898371187698e-06,2.8733884889502385e-05,3.5609020806581803e-05,3.2021515367974856e-05,2.179623618466761e-05
8.50812144549533e-05,4.263310521291873e-05,1.506936086654004e-05,4.1040072507887396e-05,0.00015694538867385482,1.7295591318862164e-05,2.1813228269667724e-05,0.00013571901288444456,0.00016145335772103475,7.069621857624493e-05,0.00010061920736402121,3.024993390387259e-05,7.224968601197522e-05,5.3051069475816326e-05,3.0250442889611585e-05,0.0003785794124617779,0.000136052822342803,0.000381974802313364,-5.881111206178598e-05,0.00016585283708937394,0.0001762700117860999,4.915533515869645e-05,9.915600170437965e-05,7.725598011088589e-05,0.00011705621760484625,1.6612665637621393e-05,-2.8102884279859443e-05,2.906722069089189e-05,4.787632306636433e-05,9.049464235431541e-05,4.274810541494933e-05,4.479337394024568e-05,9.419606763465098e-05,3.039160681272646e-05,0.00012085519105954645,0.00010766831174552665,0.00016126138919645095,2.970698471499374e-05,0.00029478877045147707,8.528239020586035e-06,0.00011216190545982069,-6.289091674358431e-05,-1.3922051560668664e-05,4.7439024457607615e-05,6.280606609606708e-05,8.543301717752102e-05,-3.5791208004509325e-05,7.29266976174831e-05,5.7861359118857285e-05,0.0001161367470997136,3.4378371768929954e-05,0.00017318147407026377,7.764194955181078e-05,2.6645738020530393e-05,0.00010161604935940294,0.0001052512837642876,7.495835469673118e-05,0.00013037513836892508,0.00012135863448072357,2.8724373805461622e-05,8.781173487817473e-05,8.573980222689831e-05,0.00016576641998480117,4.358316480718534e-05,0.000157891511000227,8.87165886885052e-05,0.0001283735416917189,4.348712237483948e-05,0.00011118558889519173,0.00025808334244345623,0.000135629981695335,8.175719539017394e-05,0.00013649083600067942,6.741781515213887e-05,4.707581704609945e-05,0.0001804068083371715,0.00014991204024099097,0.00019375827171026094,6.965537497082344e-05,7.746520687758261e-05,0.00023742456300360093,0.00016008298954963448,0.00010242640743620067,9.937298477834452e-05,6.861544501496434e-05,0.00012994057396753417,0.0002602685985228872,9.88148751432658e-05,5.936571821870877e-05,3.495085791928156e-05,3.061953116645236e-05,0.00014004731500484867,4.858716582190929e-05,5.3593377168836514e-05,0.00012061486207825665,-4.526119711671572e-06,6.531742583135044e-05,0.00015563833703622262,0.00018155532593555756,0.0001614164363525226,0.00010898910994381631
6.294591753824495e-05,2.0101544128833373e-05,-2.639852497254327e-06,1.0912004108374126e-05,0.00010929627507600624,1.9932568463399794e-05,1.985754950148186e-05,3.2666849124044415e-05,6.311367464534345e-05,0.00011351027796908338,0.0002021106008127501,2.1717852103295474e-05,1.3806416013169337e-05,2.9645341482489118e-05,3.084547329543876e-05,0.000136052822342803,0.00025476016364529727,0.0001585167508727117,-0.0001361760181575247,0.00018665772512308995,7.560165052161242e-05,5.5433447281485866e-05,9.750230755114957e-06,-7.417945294917479e-06,0.00013144692083601455,2.002209152919956e-05,-4.27731915056717e-05,5.315297452104577e-05,3.335993374377513e-05,7.346148001309883e-05,1.1808661115897547e-05,-4.169529622105326e-06,4.4804813923835936e-05,4.903606752497447e-06,7.446785491355484e-05,4.0582063275998975e-05,0.00027783278359535965,7.545004567854817e-05,0.00014025431706853598,1.6788765273109503e-05,-2.6216303059921872e-05,6.927451625561032e-05,3.7184243334459504e-05,5.5169487771454785e-05,0.00011641390094211315,4.384746551784449e-05,-4.858918110663664e-05,4.999754917624087e-05,2.977031425174564e-05,2.4146530566138803e-05,4.617259832313294e-06,6.297548102958868e-05,8.621806148786972e-05,5.294144120286372e-05,1.445590843266987e-05,0.00014024502016751043,6.573159492075984e-05,0.00022220789807318375,7.63467479514539e-05,2.1030436264082253e-05,2.089320345052285e-05,0.00011274877268850293,0.00022959201207488008,6.99110903981325e-05,0.00013615973682703592,0.00018383452689913775,0.00020912244788027603,4.659363964483233e-05,0.00012064367550486689,0.00017959696105346163,0.00015744281214490882,6.005437528941429e-05,8.141486845463033e-05,4.9455293385026797e-05,1.8666234483576958e-05,0.00017815017830630906,7.679328067204808e-05,0.00022123119594685673,6.756025495384844e-05,4.401305208548368e-05,0.0002235891085662125,0.00015006139140285324,5.592729719115036e-05,4.6354872629933635e-05,6.544965185867868e-05,-7.952755622284621e-06,0.0001630441412439841,0.00025314224749037285,3.9247517817088266e-05,-4.828355412745383e-05,-2.907377310686083e-05,0.0002367636633831775,5.620463154939311e-05,4.096864220907073e-05,2.381723083875361e-05,3.0703907029373885e-05,1.8163921615481744e-05,8.302289418214287e-05,0.0002282140547283838,0.00024120088401949997,8.264981463785547e-05
